-0.140301 -0.220965
-0.060887 -0.482846
-0.310214 0.023805
0.371885 0.517147
-0.306462 0.312781
-0.263252 -0.083308
-0.294205 0.193094
0.121195 -0.053321
0.240454 0.033587
0.079669 0.123986
0.304049 -0.114549
0.197230 0.117713
0.511190 -0.247501
0.065286 0.201897
0.063076 -0.225762
-0.129812 0.384909
-0.231414 -0.155831
-0.016853 0.268765
-0.412756 0.554216
0.188183 -0.114280
0.526536 0.173401
-0.033352 0.417611
0.266875 -0.434091
0.285023 0.188926
0.060805 0.309393
-0.159661 -0.105240
0.179346 0.542564
0.180169 0.351142
0.150151 -0.064477
-0.057718 -0.217273
-0.207160 -0.358763
-0.089703 0.004376
-0.164864 -0.282066
0.097363 -0.044691
0.006697 -0.064017
-0.007187 -0.170460
-0.256218 -0.075884
0.132007 -0.115068
0.043593 -0.332055
-0.047285 -0.156775
-0.186050 -0.218188
0.427569 0.341452
0.219202 -0.153492
-0.215471 0.191987
-0.084905 -0.167456
0.017497 0.049613
0.389851 -0.312237
0.194061 -0.091590
-0.729847 -0.215812
-0.190432 -0.172591
-0.463868 0.182494
-0.284970 -0.206025
0.242997 0.225882
0.311987 0.183046
0.318712 0.247525
0.150791 -0.373571
-0.041273 0.383747
0.419325 0.351446
-0.487747 -0.182403
-0.019145 0.005028
-0.045718 0.001599
-0.108359 0.005682
-0.025435 -0.070800
0.658637 0.439694
